552785900
2113275015
2112980363
94820916
981194021
2115353966
111639572
1004601006
2112262902
2113697054
2114994997
94068027
94545685
951883866
789132010
95983833
91726699
91778555
96225776
97171638
673233436
607641800
2117742779
95565899
2114382826
96290584
1661404086
95604349
90172127
668382710
93767075
2113348126
93277442
2115267355
2114208352
277233044
94607535
90865217
2115920466
96737330
94186938
92475579
2112733515
97255579
2117642703
184393782
1953183899
96326813
2112146306
95717032
1422549608
2112750934
96930327
94686829
95597303
93047071
2112145307
96600337
94331114
96547762
1370347096
2115700649
93649638
845696820
413621163
92419092
830826660
2113576838
2117708474
2117300610
95217724
96313473
96599339
96374516
94146477
2117648874
738367252
2114593832
95929889
94163672
2112151340
92310338
97004898
96835391
2113240741
1722778461
2112976524
2116517538
2117393905
91780079
2116887844
93691263
2117453787
2113420468
2112660410
2114111699
96573526
2113843629
2115422495
2117832853
95269404
2116810778
90419280
94635046
95196815
95005123
676293063
258237706
93180054
95215025
96273323
1625373025
2114818353
2116562545
95115249
2112619673
704112396
2112718297
94519680
2115584864
93561874
96301602
2114345277
90958622
2116684080
94942636
1624824140
1097291878
449974304
95485604
1242838819
96905082
1247503569
2112885908
96036230
2113965558
2117708445
2116837050
93270060
95972454
90383618
90307438
93396977
96272914
2112758193
96498213
94050189
818145320
1921338347
2116450307
2117643754
2115571620
93779245
2116038839
93068720
94362146
2117665674
463165630
1582955864
566686867
2115022588
95562482
2113997906
1193452853
96754089
631490775
95823219
96029727
1879230833
91804814
93758619
2113760678
93354219
90031955
96730268
93312235
2116769743
2115755403
1051109436
2117491381
2115210637
93924422
95823022
1584528558
782220313
2112625330
2114114441
94799081
2113820830
2117717723
92931108
2116914265
94727891
867167094
94239107
95585939
2112685535
1499113565
94607694
2112553718
95567661
361902471
2112657012
95485776
97040962
96507199
95019460
2112564622
2115571604
92261573
90184166
1603165181
91666705
95799773
1467781775
2117683082
2115187038
2113357886
243767729
681899793
91069272
2112719387
95488636
90911063
994572434
90870639
92997574
1808680563
2114752251
95318972
2112010591
2112777669
2115888062
2117686602
1847320059
2118275100
2118315539
91169143
2113280815
95512928
2115022480
2113451897
93897610
93839833
94514612
2116947190
2114853101
2112645891
2114838625
2116290494
1365589181
215428424
2113244535
2114306773
92791629
2117069491
2115571632
96435658
160154228
125740777
2116805267
2115672091
2117462425
455689183
94285082
2115317452
92622742
94000998
93386530
1031370650
1854563495
93416558
94222304
702444553
676819304
96176461
2112568310
2116152392
95991585
95050248
94500564
2115474889
852971206
2114382854
150841499
2117708512
97095516
93282076
1291400089
2117462321
2112451118
92862524
2112273171
2113816452
90556339
92714244
2117738329
880130880
1113187638
95052225
96290913
94988318
1143208829
2113816463
95529956
92593963
2116138147
2116134465
94410818
2117708493
2113963944
90529241
95562195
2112350613
2117708497
92312876
2117779888
96754087
2116295586
2112987591
2114423922
658012952
97158078
95557929
2117708509
2115654636
2116880538
868956004
1213492161
91717772
93806577
91887011
1592008680
90458651
2116400933
2117528791
96284773
2112056840
1292230455
2115832480
2114964437
2117433994
1741104158
2112335427
91849106
95552011
204890527
2117706074
95439819
93755320
1753389221
94824941
91805104
95648548
91124104
1076569524
2114304137
1067435947
992467543
174319680
93714365
2113159903
2113333284
686630879
94079597
95304904
152052312
702154725
90427902
94048796
90374529
2114863435
2115814905
94271444
91143343
588144324
94374665
2115719991
2115088340
96321648
1180872163
2115587633
94489114
94071115
93613311
95510100
94938337
93358289
93239243
93643243
1034929827
128650004
94692721
2114840856
91548991
364045813
91867139
2116963385
96422063
2113859102
2000725141
96824023
91623426
96698081
91339520
760042550
2112706404
1859216196
92584541
1197400125
141485466
2113064257
96346651
95902213
96272441
2117569805
93029014
94152621
95178347
2112197387
1457059108
91623372
2115332356
91466565
1065625447
1562152021
2117700365
2112989445
93280169
2113412323
96739052
2115022508
96062940
582489531
2114122995
203535400
93482274
96754113
2117708459
97115174
2114595596
643245405
95710027
1577685069
452939314
2118275081
2112828973
93292028
660153434
95703361
1393924252
1785075413
1608126191
90080167
95848790
2117836282
95218260
90457295
1134800852
97041226
346780408
2112612522
93804834
2113816412
961767019
91664640
2117249285
1609463286
2112312002
91706449
91861392
95505439
93427209
93666950
94879854
1475379746
2113251371
90399820
228508438
2116044437
96742163
91984934
2113244910
2117708489
96757248
1635215976
783268398
96757257
758502839
1473458646
2115888118
2117515023
1102669967
2113039544
2115180552
2117708503
96667812
2116295323
2115193433
95217650
1915515760
2117683138
348018346
871846177
95845859
2113732717
2117447092
92090662
92437446
94701159
95080076
93756110
95622302
2115460566
93296743
1392533025
1692157676
2112729708
94689028
280666023
96588222
2113721042
677024371
94861109
2116153020
396434081
125978973
96375250
2117708478
