838351268
2112883259
93740069
1239463613
2118409527
2112295454
93532972
97177158
1503171393
94311711
303873508
2112686323
381762851
93288477
92914080
93727725
1768358732
92593624
119900203
95457171
2114143545
93770025
2112166113
91904026
2116724792
2112518097
224736444
305073973
2112192514
94526735
958184147
935338419
96405855
90308004
1134360406
92475579
2114451906
1635410527
95524893
1121049965
91794422
95487479
216248880
2117019969
1602387555
2113474789
2112145307
94558244
96234668
1180773560
335453697
2118356744
95936630
2112217108
1805938325
94399747
93663763
1181273426
879557031
2113543423
2117024087
2113425559
95650299
96090959
2116093460
2112871760
2116547180
96967846
1307687089
96281463
2117012877
2118361042
94552356
93494903
2113286780
409770668
1199658006
1527275786
2116983451
132095141
2118281844
90445070
96884596
2112114433
2112794021
594680557
96999483
2113027690
92408436
753823569
95075879
2117898212
94575257
2115285511
90720581
2062530289
94212481
239900010
2118184669
96847243
96184220
2113730253
636202306
95524795
2118047728
441752028
96119541
94637397
2115770911
2112858498
90492457
96679240
92895781
93135332
1030692690
92648946
1164262895
93936762
96884640
95320418
2113706339
95991659
94067528
90393623
895592710
2117132511
2117081143
1074135367
528502877
2113464500
2117678550
2116750286
2117026755
2115240854
694091976
477129363
1998503783
92689586
2112046410
91160133
935966789
93365364
299356747
93423807
2112651267
2116645633
1892233613
1649393178
2112568904
96724445
96148221
2118047668
2113155070
94373452
2116864271
1596876166
2117091495
95891572
2114103230
96174783
717433263
398155679
2117009113
96902861
95514389
115379870
2117129498
94299929
883746245
2117005118
95350983
97011209
1846881962
2114011507
90289173
94992656
95715135
94022453
2117645421
96713969
90664669
94793860
95159218
2117244903
95871173
1023965123
96715970
94293294
96339300
94064980
90582655
92644204
91274904
93580492
2117454325
1624447394
96170185
2117232308
92734183
2114519207
93866017
2115975238
2116511281
1816808241
2116511062
91080241
2114068053
2117736454
2112011721
2114783527
2115410475
2112265966
2115775088
91034556
2115842664
2118361173
2116083998
971998059
2115835812
2118356704
2112019426
2116290494
95872852
208406897
96617940
90852913
92304029
93097996
95717526
91355134
94544578
2114012399
2117401803
94685727
92476567
91345684
92250563
94007079
90535160
93435928
2113861385
93703804
96285884
2112225827
2112486947
1099863051
1361708653
92734049
96758585
96336246
95197385
95448699
93445339
97180285
93742979
2116634606
2115153118
93623033
1900499852
2116663227
96634035
2112725967
2116499622
90025570
93135216
95326046
95058965
95749236
1664518661
92660571
2112667203
1234873622
2115206193
139021354
2116257078
1340607023
95219043
95733020
93732079
93780473
2114233747
94423611
94881772
2116736397
1506758015
1275758947
2116927872
2007224093
93227004
92012251
1146123447
2114962516
1464945715
2115085940
93648366
1188364224
96858740
94165725
2118203391
1512754669
2114068506
584988500
2116498210
94998670
90813732
91747098
94016711
1397489974
2112023622
2118355989
2114143548
2117548936
2116985839
2112530692
2116105664
94403869
1301932593
96587699
2113821867
2117781911
2033836900
1067435947
92313503
2113303737
91475268
2117855986
307287822
2114385009
93368476
93624127
1929692926
94893165
1734871616
96460063
1472947754
94310819
2070533333
96884169
93953251
1891049888
96272626
2113620720
2113482059
1039394926
729211961
600253507
92212252
2115975028
911153712
2113508806
93073047
2114722998
96724354
1239010300
1354474675
1156159180
96709856
92515935
2113842351
333553032
1255811681
2115058337
96180360
2115206162
361770167
273213517
2113635978
90873567
2117127199
95683096
661640069
1787696968
2113999596
1953076818
96753976
371279716
819831259
329485041
94868718
95603902
94362899
2112159634
95464288
1769981626
2117645371
1356449409
2116875456
94847633
94303425
94663797
2113615664
97238951
97111262
92934323
95371307
95306432
2116794515
96574978
1130491579
2112695883
94593106
2113474731
2114171763
765256435
93455500
336973486
93427997
937773589
2116577522
95451996
389739754
154575381
96778662
2112810606
2117892304
2112627492
91989385
807494893
94912566
1790673515
2113413642
95973477
2114255054
1827591510
558726148
346516940
1794265287
2115003198
95738122
92552292
95385471
96769256
96802330
91705292
95027230
2113354552
427832885
178051514
95149485
94484111
928259005
1819483337
94301108
2112351095
95371922
730017148
95717121
95610691
93481774
93626569
2114132240
96905904
2115107587
127541680
2117978066
96481351
1833687799
90848669
1464923984
1958839605
